-0.7610119182249884 0.6487384232523937
0.7610074901121888 -0.648743482189266
0.6094979700305334 -0.7927877637780055
-0.609499772467672 0.7927863914276542
0.23435283793839246 -0.9721516768274001
-0.9590854647680352 0.28311674386185626
0.18132764899725884 0.9834233231810302
-0.8792629225307798 0.4763367872864127
0.8792579122608168 -0.47634601367967644
0.431352021385369 -0.9021857881613292
-0.9423272548402549 -0.33469314573269693
-0.9969905454578263 0.07752351750889733
-0.43135134038321465 0.9021887372412152
-0.5656314326585252 -0.8246581851960738
-0.7247267421366137 -0.68903639370263
0.9590815286838983 -0.2831300924963113
-0.3818163743994018 -0.9242382056200334
0.7247406046866975 0.6890218165181556
0.9423339206294341 0.33467418812607763
0.9913242314990928 0.13143924206844348
-0.9913218448969001 -0.13145724649451723
0.8521588981333499 0.5232831147073002
-0.02710193396864067 0.9996329243273644
0.02711188974238199 -0.9996326228152186
-0.18131442882150323 -0.9834257352928718
0.38183145190869544 0.9242320761844458
-0.2343470707916242 0.9721530455878564
0.9969892604080215 -0.0775397957601662
0.5656469113865672 0.8246476770287604
-0.8521484536677401 -0.5233001198925908
