0.292945942933 -0.109963368749 0.94978455716
-0.292946049827 0.109963429268 -0.949784603579
-0.32241176317 -0.823520357973 -0.466760068564
-0.466076822075 0.854825766413 -0.228134584942
-0.513753492439 -0.655582678832 0.553415517455
0.982855352618 0.0593102023053 0.174578564986
0.602543639854 -0.381692418651 -0.700894511473
-0.602543559146 0.381692375883 0.700894379261
-0.98285537272 -0.0593101728815 -0.174578528737
0.322411810083 0.823520386508 0.466760033056
0.513753514999 0.655582662098 -0.55341562478
0.466076824516 -0.854825798771 0.22813461562
