-0.501586351458 -0.0555413538767 -0.852285923803 -0.137673562888
0.501585046327 0.0555410707403 0.852285915878 0.137674928693
0.0748600618948 -0.597062624996 -0.489921779736 -0.630797601384
0.168285424151 0.311657132661 0.585155549677 -0.729486173419
0.408156927471 -0.853177136035 -0.222794102893 0.236365578814
0.403909318277 0.480552217153 -0.378871036228 0.679994207465
-0.408161174101 0.853179841257 0.222791791588 -0.236365627378
-0.980356626708 0.0609674575757 0.0165064137064 -0.186871681324
0.647058251189 0.195148804653 -0.283634625479 -0.68029210509
0.333297420146 -0.256115897554 0.267126689571 0.867160350718
-0.403913785837 -0.480554068192 0.37887040537 -0.679995006177
-0.168288592047 -0.311658162284 -0.585159328161 0.729489962167
-0.333298208798 0.256115365553 -0.267127218131 -0.867160240632
-0.647058586017 -0.195149177184 0.28363103444 0.680289756864
-0.576447416365 0.541521064732 -0.362365607614 0.493122184864
-0.0706147836291 -0.736671455873 0.645997431883 0.187167525753
-0.572200066369 -0.792210928943 -0.20628800061 0.0494926024452
0.576443241558 -0.541522131632 0.362362248811 -0.493123970901
0.572196179552 0.792212995396 0.206284816711 -0.0494930614388
-0.478773972004 0.116508093776 0.868790452404 -0.0491965386595
-0.074862758821 0.59706323602 0.489918805987 0.630797838043
0.980353451246 -0.0609666660602 -0.016506707131 0.186869788781
0.478772373475 -0.116508553773 -0.868792618953 0.0491973831024
0.0706127928779 0.736669794365 -0.645998788932 -0.187167839025
