0.453946079215 -0.174151312165 0.716790171025 0.493363306912 0.080101212514
0.156234302396 -0.130937925011 -0.441806115914 0.31991718461 0.812973216424
-0.0489957046213 0.4672159659 0.519304869398 0.544037972614 -0.4622484468
-0.446223611162 0.762995484225 0.305156944318 0.187744259835 0.300597572247
-0.397228616772 0.295784026516 -0.214146131683 -0.356292700345 0.762846644093
0.107237593987 0.336275719219 0.0774980629034 0.863951931799 0.35072422135
-0.58571208411 -0.229886790774 0.100957529631 0.416382702582 -0.64849238194
-0.0505194263373 -0.214644710883 0.425147231961 -0.726881257451 0.492222532701
0.982940478677 -0.0658964579629 0.11318972182 -0.0600908175269 -0.114353688161
0.346709293895 -0.510428433726 0.639293407054 -0.370589390873 -0.270623294587
0.553462123866 -0.426720280633 -0.227659026348 0.676207636232 0.0501262673266
-0.0827684456643 -0.871251411664 0.298444044426 0.365709300406 -0.106143124822
0.429477907474 0.360825192039 0.340849323492 -0.736300283691 -0.164479719814
0.536714148434 0.697099313538 0.418346030632 0.127653746221 0.186244539071
0.0567186829553 0.121631872807 0.502645145773 0.137072286621 0.842946566904
-0.528993781826 -0.108255569923 0.603602698531 0.553454833696 0.194455624997
0.479997443369 0.575469542598 -0.0842983636824 -0.0094181971844 -0.656702809108
0.636232378229 0.444532701549 -0.526104523382 0.310499386667 0.156269762569
-0.502943062003 0.641365960538 -0.19748774684 0.0506721670337 -0.542348827797
0.0995159323333 -0.252568933688 -0.9444505615 0.182844558246 -0.0299752131338
-0.453946079215 0.174151312165 -0.716790171025 -0.493363306912 -0.080101212514
-0.156234302396 0.130937925011 0.441806115914 -0.31991718461 -0.812973216424
0.0489957046213 -0.4672159659 -0.519304869398 -0.544037972614 0.4622484468
0.446223611162 -0.762995484225 -0.305156944318 -0.187744259835 -0.300597572247
0.397228616772 -0.295784026516 0.214146131683 0.356292700345 -0.762846644093
-0.107237593987 -0.336275719219 -0.0774980629034 -0.863951931799 -0.35072422135
0.58571208411 0.229886790774 -0.100957529631 -0.416382702582 0.64849238194
0.0505194263373 0.214644710883 -0.425147231961 0.726881257451 -0.492222532701
-0.982940478677 0.0658964579629 -0.11318972182 0.0600908175269 0.114353688161
-0.346709293895 0.510428433726 -0.639293407054 0.370589390873 0.270623294587
-0.553462123866 0.426720280633 0.227659026348 -0.676207636232 -0.0501262673266
0.0827684456643 0.871251411664 -0.298444044426 -0.365709300406 0.106143124822
-0.429477907474 -0.360825192039 -0.340849323492 0.736300283691 0.164479719814
-0.536714148434 -0.697099313538 -0.418346030632 -0.127653746221 -0.186244539071
-0.0567186829553 -0.121631872807 -0.502645145773 -0.137072286621 -0.842946566904
0.528993781826 0.108255569923 -0.603602698531 -0.553454833696 -0.194455624997
-0.479997443369 -0.575469542598 0.0842983636824 0.0094181971844 0.656702809108
-0.636232378229 -0.444532701549 0.526104523382 -0.310499386667 -0.156269762569
0.502943062003 -0.641365960538 0.19748774684 -0.0506721670337 0.542348827797
-0.0995159323333 0.252568933688 0.9444505615 -0.182844558246 0.0299752131338
