-0.122775569655 0.219006827075 0.168780430561 -0.735394892262 0.588530143796 -0.146006135857
-0.268292178673 -0.844492452587 -0.319887461256 -0.254848952514 -0.0222495575488 -0.216991947143
0.255795317532 -0.62738160924 0.295209087838 -0.586315569488 0.329242101127 0.0407745210734
-0.258192260054 -0.622426422123 0.205508678235 0.512969276137 -0.200803422544 -0.447490358876
-0.659875565423 0.111869217495 0.128647869311 0.0683223473346 0.727705346763 0.0359861703184
0.267416392236 -0.247432653953 0.634982277271 -0.411680015095 -0.491557730099 0.23013751847
0.537096470759 0.107137231167 0.0401287221986 -0.803716330252 -0.139178497186 -0.181993610679
-0.111153476415 0.598952461883 0.508552471496 -0.560759066152 -0.232270209524 0.0433569566453
-0.916546503409 -0.352679886481 0.148531872605 -0.0118916223962 -0.115345326292 0.00835678052129
0.535576845923 -0.0507390851402 0.225753525357 -0.210533482372 0.503068696302 -0.601846874921
-0.37944619625 -0.245540115489 0.188664500611 -0.815610543766 -0.25452201637 -0.173637386499
-0.524086609748 -0.217114241595 -0.615098633133 0.331464229323 -0.351491642622 -0.25776872236
0.0116207393543 0.379945615438 0.339773967609 0.174633304205 -0.820796750332 0.189363066486
0.380966025837 0.403417272618 -0.374287445229 0.222424905429 -0.387724328547 0.59349499538
0.37857034895 -0.846388801419 0.126428466034 0.149079423757 -0.25928829151 0.186780571889
-0.0130077196912 0.10997636186 0.5749673308 0.472251963873 0.490668565812 0.439761093184
-0.547199419395 -0.32920855319 -0.565530832568 0.0358988644912 0.31772925206 0.412485961743
0.0101002882219 0.222068880882 0.525396423792 0.767817769155 -0.178553284657 -0.230494703343
0.281300195987 0.73451886474 -0.255077383874 -0.217403236011 -0.46841581814 -0.222765427924
-0.0231111290318 -0.112094406635 0.0495687597828 -0.295564200269 0.669217469194 0.670252329007
0.635243198133 -0.381842060316 0.106543993125 0.229295883062 0.583765639892 0.214410566506
0.369345588788 0.0234696179319 -0.714065381114 0.0477917474626 0.433076308755 0.404133231766
-0.392457356258 -0.135565689639 0.763627757517 -0.343357425624 0.23614205083 0.26612263427
0.0114895878742 -0.26785217865 -0.38934203287 0.120931487942 0.15157981198 -0.859614800167
-0.278904983786 0.515286381686 -0.245638848431 0.290747756927 0.339978477268 0.62947881228
-0.256672871304 -0.464546393907 0.0198869678779 -0.0802147711391 -0.843047133419 -0.0276298337716
-0.658351282734 0.269746514434 -0.056974160636 -0.524859742576 0.0854573737728 0.455843780883
-0.26968154368 -0.354571633524 0.594851969241 0.392038095413 -0.352384315991 0.412130685472
-0.26589599604 0.405311316763 -0.820605639312 -0.181503243361 -0.150686749083 0.189721876916
-0.0996649117789 0.331101655719 0.119211266362 -0.439828067894 -0.0806901947323 -0.816261692916
0.112674608584 -0.441074795845 -0.694174787106 -0.0324243089232 -0.409974213019 0.376497934685
0.00151908683233 0.157877164467 -0.185622211512 -0.593183308054 -0.642246340027 0.419858008046
-0.648252282473 0.491817815583 0.46842419534 0.242956605318 -0.0930959273397 0.225350935064
-0.636761404574 0.223962028525 0.079079131444 0.363887591562 0.0584823606171 -0.634264240211
0.27978090167 0.576642495151 -0.0694526346401 0.375782514824 0.173831965172 -0.642627146444
0.646861014 -0.00189371318682 0.44631768357 0.403928980083 -0.237035649853 0.403773293904
0.122775569655 -0.219006827075 -0.168780430561 0.735394892262 -0.588530143796 0.146006135857
0.268292178673 0.844492452587 0.319887461256 0.254848952514 0.0222495575488 0.216991947143
-0.255795317532 0.62738160924 -0.295209087838 0.586315569488 -0.329242101127 -0.0407745210734
0.258192260054 0.622426422123 -0.205508678235 -0.512969276137 0.200803422544 0.447490358876
0.659875565423 -0.111869217495 -0.128647869311 -0.0683223473346 -0.727705346763 -0.0359861703184
-0.267416392236 0.247432653953 -0.634982277271 0.411680015095 0.491557730099 -0.23013751847
-0.537096470759 -0.107137231167 -0.0401287221986 0.803716330252 0.139178497186 0.181993610679
0.111153476415 -0.598952461883 -0.508552471496 0.560759066152 0.232270209524 -0.0433569566453
0.916546503409 0.352679886481 -0.148531872605 0.0118916223962 0.115345326292 -0.00835678052129
-0.535576845923 0.0507390851402 -0.225753525357 0.210533482372 -0.503068696302 0.601846874921
0.37944619625 0.245540115489 -0.188664500611 0.815610543766 0.25452201637 0.173637386499
0.524086609748 0.217114241595 0.615098633133 -0.331464229323 0.351491642622 0.25776872236
-0.0116207393543 -0.379945615438 -0.339773967609 -0.174633304205 0.820796750332 -0.189363066486
-0.380966025837 -0.403417272618 0.374287445229 -0.222424905429 0.387724328547 -0.59349499538
-0.37857034895 0.846388801419 -0.126428466034 -0.149079423757 0.25928829151 -0.186780571889
0.0130077196912 -0.10997636186 -0.5749673308 -0.472251963873 -0.490668565812 -0.439761093184
0.547199419395 0.32920855319 0.565530832568 -0.0358988644912 -0.31772925206 -0.412485961743
-0.0101002882219 -0.222068880882 -0.525396423792 -0.767817769155 0.178553284657 0.230494703343
-0.281300195987 -0.73451886474 0.255077383874 0.217403236011 0.46841581814 0.222765427924
0.0231111290318 0.112094406635 -0.0495687597828 0.295564200269 -0.669217469194 -0.670252329007
-0.635243198133 0.381842060316 -0.106543993125 -0.229295883062 -0.583765639892 -0.214410566506
-0.369345588788 -0.0234696179319 0.714065381114 -0.0477917474626 -0.433076308755 -0.404133231766
0.392457356258 0.135565689639 -0.763627757517 0.343357425624 -0.23614205083 -0.26612263427
-0.0114895878742 0.26785217865 0.38934203287 -0.120931487942 -0.15157981198 0.859614800167
0.278904983786 -0.515286381686 0.245638848431 -0.290747756927 -0.339978477268 -0.62947881228
0.256672871304 0.464546393907 -0.0198869678779 0.0802147711391 0.843047133419 0.0276298337716
0.658351282734 -0.269746514434 0.056974160636 0.524859742576 -0.0854573737728 -0.455843780883
0.26968154368 0.354571633524 -0.594851969241 -0.392038095413 0.352384315991 -0.412130685472
0.26589599604 -0.405311316763 0.820605639312 0.181503243361 0.150686749083 -0.189721876916
0.0996649117789 -0.331101655719 -0.119211266362 0.439828067894 0.0806901947323 0.816261692916
-0.112674608584 0.441074795845 0.694174787106 0.0324243089232 0.409974213019 -0.376497934685
-0.00151908683233 -0.157877164467 0.185622211512 0.593183308054 0.642246340027 -0.419858008046
0.648252282473 -0.491817815583 -0.46842419534 -0.242956605318 0.0930959273397 -0.225350935064
0.636761404574 -0.223962028525 -0.079079131444 -0.363887591562 -0.0584823606171 0.634264240211
-0.27978090167 -0.576642495151 0.0694526346401 -0.375782514824 -0.173831965172 0.642627146444
-0.646861014 0.00189371318682 -0.44631768357 -0.403928980083 0.237035649853 -0.403773293904
