0.00729770550764 -0.311568287953 0.324500458407 -0.236066108243 0.629402246092 0.495449824504 0.316590688443
0.37188839485 -0.374014171062 -0.463051327272 -0.45719693528 0.210028793445 0.469360578239 0.184314544955
-0.11058733022 -0.412532754298 0.113705764234 0.585841568372 -0.548231529658 -0.397975434368 0.0502374301682
0.0692415535256 0.16391773389 -0.0284417697784 -0.275472026641 0.022692813431 -0.53595572644 0.777103270388
-0.438769505895 0.36147923654 0.282356233292 -0.430369961092 0.266483334101 0.154718744865 0.562972377699
-0.184770867973 -0.113495703228 -0.39148667469 -0.0656593651138 -0.701119421548 -0.269348533677 0.480929679661
-0.417949064339 0.0509065634183 -0.28929820981 0.308498126002 -0.0189545021146 -0.764920218852 0.241697005608
-0.160038031922 -0.525088305938 0.649054758916 -0.201481732583 0.128230135743 0.250886097813 -0.396781436529
-0.458562188088 0.310115153712 -0.224546994127 0.632424363157 -0.43266743493 0.0418124322902 0.232885213934
-0.319853331523 0.100502783267 -0.585409489352 0.549383891843 0.459531978071 0.0156042717214 0.177965090381
0.167337746948 0.213516789697 -0.324550271723 -0.0345865859703 0.501173505788 0.244564171822 0.713367770637
0.364588951517 -0.0624429296304 -0.787554425683 -0.221130375448 -0.419376179565 -0.0260912911485 -0.132278218372
0.143423664411 -0.135115272247 0.4767519231 0.376025487336 0.17558280159 -0.664580760358 0.346408482145
0.925959899378 -0.248466061682 -0.0215015122112 -0.153598257221 -0.224841908671 0.0742429827665 -0.0275634602468
0.0980946013536 0.0495959775025 -0.296108620134 0.240885486562 0.478484269191 0.780522243695 -0.0637314229523
0.0741834187246 -0.299035224299 0.50519706364 0.651498940253 0.152892902367 -0.128625873715 -0.430693891152
-0.131410313118 -0.10195877142 0.685361354816 -0.153025712877 -0.262793607213 0.521661230589 0.371514711079
-0.515308736853 0.509126409161 -0.0137006334344 0.081169275108 -0.3856111642 0.195221021976 -0.530721719348
-0.012492394583 -0.362935595847 -0.182401606657 0.826723986839 -0.069743069799 0.38254566922 -0.0134956129115
-0.479891541346 -0.424585576829 0.0636475599244 0.34790202994 0.587759196707 0.26649124166 -0.218818983233
-0.234221943451 -0.226051510006 0.143854778066 -0.852978159341 -0.0246633745533 0.379509676244 0.0339151004916
-0.376604197649 0.299518245882 -0.37456178798 -0.00187164139539 0.506586821357 0.169013350182 -0.585644979951
0.508012292874 -0.197560445649 -0.310799034911 0.154898051661 -0.243792789886 -0.690675160671 0.21413256673
-0.204552044253 0.587530883279 0.138500575345 0.422607978405 0.291148018828 -0.224794654852 0.529059392966
0.721410531105 0.339065864634 0.116998576606 0.269010104983 0.066307489581 -0.150549912338 0.501494654211
-0.24152072504 0.0855182535462 -0.180645086254 -0.616913377647 -0.654070500406 -0.115940387077 -0.282680215333
0.20610007878 0.848194944665 0.103296170839 0.350179934161 -0.319304919615 0.0446739730946 -0.0292283900406
-0.692782955523 0.0840619748464 -0.0806902769172 -0.220556392445 -0.45732993028 0.421326981935 0.266799611385
-0.474696590653 0.249917200531 -0.0784544793762 -0.242756646136 0.0281003168259 -0.611507995216 -0.521910337573
-0.254009418888 -0.277415679604 -0.36304528427 0.209813506127 -0.723811103618 0.266605558738 -0.29617143167
-0.410649583923 -0.260664841567 0.0352030962738 0.0724284496033 0.610453095999 -0.269467423408 0.558289890941
-0.652169465516 -0.175146771344 -0.145441876202 -0.544482281771 -0.0436144512851 -0.385407604256 0.275612367547
-0.664658599824 -0.53807832062 -0.327841152372 0.282243285322 -0.11335994117 -0.00286136827409 0.262112243088
-0.549357653932 -0.0510535345289 0.396063962893 0.155472504127 -0.281745931842 -0.24325758913 0.613208826526
-0.487190264475 -0.113013903348 -0.260857606693 0.583970734531 -0.041646429072 -0.228961926064 -0.535411033957
-0.577986482254 -0.474183041647 0.35975610762 0.107015025694 0.109277086059 -0.514033265174 -0.155084908723
0.34797322025 -0.722645946922 0.338252270202 -0.0465825520769 -0.115562813083 -0.439787525011 -0.182647626984
0.606106497509 -0.147960323832 -0.606906306444 0.395781506628 0.234691349493 0.0898473992852 0.150399534106
-0.138708681695 0.209610265608 0.360860389208 0.0830434237358 -0.89219718613 0.0262102657748 0.0549202892638
-0.102811553863 -0.124092146311 -0.541505313181 -0.699952954179 0.238129571749 -0.14214887448 -0.337596999807
0.0866737417535 0.0638999017659 0.687594511379 -0.175227527393 0.222636832228 -0.51117053923 -0.417197808252
0.467400695488 0.0616500622348 -0.246047448198 0.47882449488 -0.657506908704 0.116057882347 0.205321983744
-0.246711154006 -0.588983853868 -0.0385431292803 -0.0262529744895 -0.0944096291065 0.762054718459 0.0204181419226
-0.618601007925 -0.214972074775 0.424508017759 0.430944936035 -0.304438011034 0.292699839354 -0.163894742628
0.307361927562 -0.463437557384 0.403005243226 0.277344078587 -0.529278384794 0.366943454899 -0.191458346788
-0.090794652186 -0.361167977849 0.620607484573 -0.4769514747 0.150917921151 -0.285069296915 0.380322412384
0.261298709888 -0.786545504622 -0.349344923112 0.128644773325 -0.338201391122 0.0713841450325 0.234552339265
-0.0286276979143 -0.423129190956 -0.0363084847882 -0.0484548684483 0.391022207899 -0.27077717469 -0.768293635288
0.451263032266 0.00145588718024 -0.0999549119605 -0.396354934044 -0.196737159174 -0.53726578129 -0.549478741992
0.34480853044 0.638584622708 -0.257563357439 0.267138220185 0.572895592707 0.0184632841112 -0.0841521327913
0.273790472103 -0.423610158867 -0.166943119424 -0.698078985161 -0.268455382991 -0.311162952339 0.248041870043
0.177469512911 0.42506644448 0.0669879992902 0.301723561708 0.0717167628236 -0.226102589106 -0.797521876773
-0.0460610007624 -0.323106327626 -0.752347868688 -0.148697162794 0.19107502082 -0.295561294475 0.426008324188
0.115303225069 0.487027272983 0.723903761825 -0.126772325517 -0.168384409142 -0.240395795479 0.351092757157
-0.0567493570378 0.199013057245 0.210843718496 -0.551252526459 0.0470537496721 0.153408631149 -0.763606019259
-0.446070465168 0.673050100702 -0.0421441904415 -0.194302183598 -0.362919617978 -0.340734832292 0.246380209873
-0.103288417175 -0.724100983185 0.438208077083 0.349773652225 0.0811743268777 0.0974768527905 0.366827713571
-0.213398264907 -0.536627243348 -0.427799758354 -0.114109624835 -0.31010132984 -0.540126781294 -0.287362938112
0.55407441518 0.125549783508 0.44155135508 0.30359609682 -0.434869519383 -0.395115965986 -0.211877751021
-0.040613417594 0.259210143568 0.0647512353106 0.323925745881 -0.413713951995 0.806733212826 -0.00881083733481
0.0281221319044 -0.622145942755 -0.247155756131 0.502800047265 0.34396601976 -0.424186506873 -0.00468387602398
-0.233178165479 0.164398420732 0.102188290038 0.374155291184 0.682166043612 -0.495567142901 -0.239233727003
0.561372107937 -0.186021287555 0.766051618488 0.0675283168324 0.194536691304 0.100336215966 0.104713778727
-0.00729770550764 0.311568287953 -0.324500458407 0.236066108243 -0.629402246092 -0.495449824504 -0.316590688443
-0.37188839485 0.374014171062 0.463051327272 0.45719693528 -0.210028793445 -0.469360578239 -0.184314544955
0.11058733022 0.412532754298 -0.113705764234 -0.585841568372 0.548231529658 0.397975434368 -0.0502374301682
-0.0692415535256 -0.16391773389 0.0284417697784 0.275472026641 -0.022692813431 0.53595572644 -0.777103270388
0.438769505895 -0.36147923654 -0.282356233292 0.430369961092 -0.266483334101 -0.154718744865 -0.562972377699
0.184770867973 0.113495703228 0.39148667469 0.0656593651138 0.701119421548 0.269348533677 -0.480929679661
0.417949064339 -0.0509065634183 0.28929820981 -0.308498126002 0.0189545021146 0.764920218852 -0.241697005608
0.160038031922 0.525088305938 -0.649054758916 0.201481732583 -0.128230135743 -0.250886097813 0.396781436529
0.458562188088 -0.310115153712 0.224546994127 -0.632424363157 0.43266743493 -0.0418124322902 -0.232885213934
0.319853331523 -0.100502783267 0.585409489352 -0.549383891843 -0.459531978071 -0.0156042717214 -0.177965090381
-0.167337746948 -0.213516789697 0.324550271723 0.0345865859703 -0.501173505788 -0.244564171822 -0.713367770637
-0.364588951517 0.0624429296304 0.787554425683 0.221130375448 0.419376179565 0.0260912911485 0.132278218372
-0.143423664411 0.135115272247 -0.4767519231 -0.376025487336 -0.17558280159 0.664580760358 -0.346408482145
-0.925959899378 0.248466061682 0.0215015122112 0.153598257221 0.224841908671 -0.0742429827665 0.0275634602468
-0.0980946013536 -0.0495959775025 0.296108620134 -0.240885486562 -0.478484269191 -0.780522243695 0.0637314229523
-0.0741834187246 0.299035224299 -0.50519706364 -0.651498940253 -0.152892902367 0.128625873715 0.430693891152
0.131410313118 0.10195877142 -0.685361354816 0.153025712877 0.262793607213 -0.521661230589 -0.371514711079
0.515308736853 -0.509126409161 0.0137006334344 -0.081169275108 0.3856111642 -0.195221021976 0.530721719348
0.012492394583 0.362935595847 0.182401606657 -0.826723986839 0.069743069799 -0.38254566922 0.0134956129115
0.479891541346 0.424585576829 -0.0636475599244 -0.34790202994 -0.587759196707 -0.26649124166 0.218818983233
0.234221943451 0.226051510006 -0.143854778066 0.852978159341 0.0246633745533 -0.379509676244 -0.0339151004916
0.376604197649 -0.299518245882 0.37456178798 0.00187164139539 -0.506586821357 -0.169013350182 0.585644979951
-0.508012292874 0.197560445649 0.310799034911 -0.154898051661 0.243792789886 0.690675160671 -0.21413256673
0.204552044253 -0.587530883279 -0.138500575345 -0.422607978405 -0.291148018828 0.224794654852 -0.529059392966
-0.721410531105 -0.339065864634 -0.116998576606 -0.269010104983 -0.066307489581 0.150549912338 -0.501494654211
0.24152072504 -0.0855182535462 0.180645086254 0.616913377647 0.654070500406 0.115940387077 0.282680215333
-0.20610007878 -0.848194944665 -0.103296170839 -0.350179934161 0.319304919615 -0.0446739730946 0.0292283900406
0.692782955523 -0.0840619748464 0.0806902769172 0.220556392445 0.45732993028 -0.421326981935 -0.266799611385
0.474696590653 -0.249917200531 0.0784544793762 0.242756646136 -0.0281003168259 0.611507995216 0.521910337573
0.254009418888 0.277415679604 0.36304528427 -0.209813506127 0.723811103618 -0.266605558738 0.29617143167
0.410649583923 0.260664841567 -0.0352030962738 -0.0724284496033 -0.610453095999 0.269467423408 -0.558289890941
0.652169465516 0.175146771344 0.145441876202 0.544482281771 0.0436144512851 0.385407604256 -0.275612367547
0.664658599824 0.53807832062 0.327841152372 -0.282243285322 0.11335994117 0.00286136827409 -0.262112243088
0.549357653932 0.0510535345289 -0.396063962893 -0.155472504127 0.281745931842 0.24325758913 -0.613208826526
0.487190264475 0.113013903348 0.260857606693 -0.583970734531 0.041646429072 0.228961926064 0.535411033957
0.577986482254 0.474183041647 -0.35975610762 -0.107015025694 -0.109277086059 0.514033265174 0.155084908723
-0.34797322025 0.722645946922 -0.338252270202 0.0465825520769 0.115562813083 0.439787525011 0.182647626984
-0.606106497509 0.147960323832 0.606906306444 -0.395781506628 -0.234691349493 -0.0898473992852 -0.150399534106
0.138708681695 -0.209610265608 -0.360860389208 -0.0830434237358 0.89219718613 -0.0262102657748 -0.0549202892638
0.102811553863 0.124092146311 0.541505313181 0.699952954179 -0.238129571749 0.14214887448 0.337596999807
-0.0866737417535 -0.0638999017659 -0.687594511379 0.175227527393 -0.222636832228 0.51117053923 0.417197808252
-0.467400695488 -0.0616500622348 0.246047448198 -0.47882449488 0.657506908704 -0.116057882347 -0.205321983744
0.246711154006 0.588983853868 0.0385431292803 0.0262529744895 0.0944096291065 -0.762054718459 -0.0204181419226
0.618601007925 0.214972074775 -0.424508017759 -0.430944936035 0.304438011034 -0.292699839354 0.163894742628
-0.307361927562 0.463437557384 -0.403005243226 -0.277344078587 0.529278384794 -0.366943454899 0.191458346788
0.090794652186 0.361167977849 -0.620607484573 0.4769514747 -0.150917921151 0.285069296915 -0.380322412384
-0.261298709888 0.786545504622 0.349344923112 -0.128644773325 0.338201391122 -0.0713841450325 -0.234552339265
0.0286276979143 0.423129190956 0.0363084847882 0.0484548684483 -0.391022207899 0.27077717469 0.768293635288
-0.451263032266 -0.00145588718024 0.0999549119605 0.396354934044 0.196737159174 0.53726578129 0.549478741992
-0.34480853044 -0.638584622708 0.257563357439 -0.267138220185 -0.572895592707 -0.0184632841112 0.0841521327913
-0.273790472103 0.423610158867 0.166943119424 0.698078985161 0.268455382991 0.311162952339 -0.248041870043
-0.177469512911 -0.42506644448 -0.0669879992902 -0.301723561708 -0.0717167628236 0.226102589106 0.797521876773
0.0460610007624 0.323106327626 0.752347868688 0.148697162794 -0.19107502082 0.295561294475 -0.426008324188
-0.115303225069 -0.487027272983 -0.723903761825 0.126772325517 0.168384409142 0.240395795479 -0.351092757157
0.0567493570378 -0.199013057245 -0.210843718496 0.551252526459 -0.0470537496721 -0.153408631149 0.763606019259
0.446070465168 -0.673050100702 0.0421441904415 0.194302183598 0.362919617978 0.340734832292 -0.246380209873
0.103288417175 0.724100983185 -0.438208077083 -0.349773652225 -0.0811743268777 -0.0974768527905 -0.366827713571
0.213398264907 0.536627243348 0.427799758354 0.114109624835 0.31010132984 0.540126781294 0.287362938112
-0.55407441518 -0.125549783508 -0.44155135508 -0.30359609682 0.434869519383 0.395115965986 0.211877751021
0.040613417594 -0.259210143568 -0.0647512353106 -0.323925745881 0.413713951995 -0.806733212826 0.00881083733481
-0.0281221319044 0.622145942755 0.247155756131 -0.502800047265 -0.34396601976 0.424186506873 0.00468387602398
0.233178165479 -0.164398420732 -0.102188290038 -0.374155291184 -0.682166043612 0.495567142901 0.239233727003
-0.561372107937 0.186021287555 -0.766051618488 -0.0675283168324 -0.194536691304 -0.100336215966 -0.104713778727
