-0.423285298356 0.148139018167 0.398570655039 0.376630158571 0.603622635399 0.0425563851853 0.212335533853 0.294848245611
-0.309419696314 -0.550360056689 0.179870684997 0.180133007432 -0.198460595415 -0.669139286177 0.0904033785383 -0.203160412622
0.0106056119634 -0.301455315682 -0.290840616602 -0.000753593696329 -0.142838248951 -0.0696889630978 -0.0412820634064 0.893010153784
-0.44955194901 0.180030911434 -0.0686637281772 0.790950001471 -0.0973608357587 0.290918732375 0.19345041095 0.0604881294977
-0.211765762253 0.0839030516338 -0.587466613035 -0.409992406182 0.129362874386 0.365882127192 0.268419714429 0.460725435587
0.409309402646 -0.150143439056 0.00279484010831 -0.0925643057892 -0.0751997610682 0.565818657308 0.407708391715 0.556169297993
0.321070636391 -0.139206208665 0.203270658817 0.233356171599 -0.607349079039 0.210762381077 -0.599888419094 -0.092835441489
-0.313979891249 0.0928340978977 0.0143780438003 0.199992414135 0.125634023461 0.61919841368 -0.119132921808 0.662736161946
-0.0751471249111 -0.391401760942 0.169558226246 -0.586706318267 -0.310611633191 0.305478147825 -0.512367974666 -0.1260331706
-0.200112971426 -0.605661485068 -0.204323052446 0.00349602394535 -0.676444797013 -0.0924940839826 -0.24106651919 0.164728902191
0.657066489416 0.0528790525019 0.0940289437126 0.406437677682 0.266379815719 -0.108819830681 0.294360161752 -0.471174274931
-0.492631989159 -0.0605227663974 0.209922740732 0.268590889188 -0.0865886931096 -0.230286861991 0.757403113015 0.0572045425111
-0.0465948650652 0.0145294360202 0.78707501868 -0.0882559176343 -0.328102853807 0.378446932453 -0.113788406029 -0.326392124146
0.621075670803 -0.234046938394 0.590261208474 0.317428173635 -0.204562110986 0.199938480926 0.13929055341 0.0954457847866
0.0285526424134 0.40593209164 0.617518560466 0.498450685054 -0.0174918824752 0.0729700898889 0.398580995476 -0.20035957646
-0.266339120748 -0.309805172028 -0.0987143988874 0.702492784377 -0.209231217329 -0.147935294251 -0.473549932987 -0.19987807499
0.173847687778 0.637554641205 -0.262910772632 0.410823462296 -0.0245359635837 0.340855505766 0.222181979165 -0.399089227173
0.367665234168 -0.153735908353 -0.583805609007 0.32161332922 -0.279245524298 -0.167686348248 -0.486101785424 0.233558312465
0.353137885354 0.011640427067 0.312298028773 0.29770393164 -0.285965424957 -0.615919822858 0.476431793426 0.0299146710914
0.393932267158 -0.185627684397 -0.116571937183 -0.0927073351326 0.421735073636 -0.416047319124 -0.467214755991 0.467916992464
-0.102213892774 0.00893303368511 0.601842500316 0.609986219868 -0.0037279879312 0.253318422007 -0.387554686972 0.20201290293
0.478102883514 0.225899841331 0.686178112595 -0.292498586195 0.0798677195132 -0.217946415866 0.205131087916 -0.260846667618
-0.183213125544 0.489833805829 0.0300532723621 0.0884576229112 0.111870893942 0.438852094475 0.666999128935 0.260365659244
0.0414826751022 0.796048226626 -0.457834236082 -0.199856653406 0.117056162552 -0.146719912449 0.246739075786 0.137630431902
0.188705039801 0.0192856924855 0.00834674375745 -0.377324130587 -0.465757436515 -0.276813344164 -0.575330876083 0.443884452441
-0.0998918393767 0.700503642953 -0.18266553844 -0.0875671805234 0.273660250595 0.103317356645 -0.498112506716 -0.353010456297
-0.253247237115 -0.712145184797 -0.129632149437 -0.210134489242 0.0123070537926 0.512602071254 0.0216796711443 0.323095226393
0.667669797223 -0.248575960214 -0.196815104584 0.405683221847 0.123540256656 -0.178508725301 0.253077905259 0.421838343791
-0.130079448218 0.596316867644 -0.0446391018154 0.302088862624 -0.576881036983 -0.166244416054 0.404253533375 0.101999648286
0.662558070511 0.562000298503 0.132427090701 0.117570948202 -0.0875063363066 0.0532193218148 0.386028704192 0.233075779317
-0.319472860546 -0.416285899064 -0.024023174246 0.488860423966 0.479521987842 0.45716114143 -0.210803479883 -0.0415115252736
-0.303927626662 -0.0412378536066 0.218270149015 -0.108734325208 -0.552347240303 -0.507100006338 0.182073377829 0.501090181554
-0.592522959238 0.639978761817 0.027256329778 0.181022225432 0.187071077151 -0.126968851913 0.259290615899 -0.295805369395
0.845767733171 0.0721646816412 0.102374705333 0.0291130101479 -0.199376924863 -0.385630748225 -0.280969387384 -0.02728900797
0.0693464405498 0.208661562448 0.188647039773 0.108038319384 0.690207335574 0.272841847633 -0.545065896398 0.237642882411
0.526297462877 -0.344119258578 0.0783516838714 0.51797332461 0.280143965066 0.0715273126142 -0.491774336978 -0.0688020322686
0.521183982824 0.466455591476 0.407594303179 0.229859980369 0.0690975802344 0.303256701132 -0.358822110341 -0.257564753643
0.52469966243 0.211370797817 -0.100895510987 -0.204243364332 0.407972929875 -0.596395996637 0.318918241599 0.0655456466144
-0.0556193827235 -0.00559748336002 -0.185234604871 0.698243212093 0.324376383271 -0.125129379397 -0.273765570473 0.528406968956
-0.362552680184 -0.656841949568 0.254562745326 -0.0334995967513 0.490292769271 -0.0640429451418 0.353149170545 -0.0447949780465
-0.240073255823 -0.3416964935 0.368519089026 0.288172655003 0.491750473286 -0.396295499873 -0.454664257807 0.0344837494004
0.324584721378 -0.394289706231 -0.305218781354 -0.200746410645 -0.268473586563 -0.688886596957 0.0778525548886 0.23027385371
-0.343084670842 -0.145714006862 -0.108403759722 -0.606428937816 -0.392013845151 -0.510379400069 -0.175225222423 -0.191563740839
0.198591472884 -0.454349769953 0.0893147483078 -0.0883141697726 -0.608805247953 0.543013282425 0.207924175971 -0.172112367115
-0.383327087876 -0.115828150808 -0.174272002263 0.0919539546819 -0.564576429712 0.346358587365 0.425934255418 0.425096320024
0.271452768868 -0.500772373523 -0.230527824656 -0.414378389597 0.420278620232 -0.0837938968511 0.340599914558 0.388641246241
-0.48871021487 0.0755544946861 -0.39533724001 0.293252734408 0.0629698551133 0.287636294554 -0.163849213439 -0.632165314977
-0.273739487103 0.0629491214263 0.0802425734509 -0.498392018234 0.298194702486 -0.237538016796 -0.720293578685 0.0460794379737
-0.483215804494 0.584673940846 -0.356936404566 0.00438541198897 -0.290914135323 0.449673535953 -0.0721785543654 0.0720837491556
-0.00511243213807 0.810576720221 0.329242669992 -0.288113700867 -0.211047305368 0.23172853634 0.1329522903 -0.188763317296
-0.456952277858 0.552784223846 0.110295560113 -0.409934471054 0.410067523024 0.201315123694 -0.0532934841869 0.306445668559
0.135573012712 -0.0871953550582 0.0830384344367 -0.590956602854 0.222995747304 0.328284028442 -0.312583193783 0.602250579335
-0.222370645273 0.385358407025 -0.296622731626 -0.409239068102 0.272201204326 0.435571442614 0.309702770202 -0.432287701418
0.132365244678 -0.158491938855 0.194923585506 0.610679215901 -0.141592653239 0.487573741187 -0.0245594271712 -0.536718777235
0.184452816505 0.336098599772 -0.553754534792 0.410071050179 -0.167374811824 0.271166898294 0.180899019981 0.493924418861
0.792638380238 -0.0343167960199 0.177067705214 -0.184517768521 0.48937652507 0.21946334242 -0.0182236910588 0.131076243317
-0.567777855824 -0.451925414668 0.379480161492 -0.318115469954 -0.397200325252 0.0751918629605 0.245033735193 -0.068827725132
-0.109306029065 0.0553041003484 0.384195496981 0.176635940564 0.477987140963 -0.576645175996 0.331469548895 -0.36789043532
0.634004250816 0.156068556683 -0.485089798144 -0.380880020114 -0.0700136290039 -0.0197513733877 -0.012550521242 0.433435752589
-0.178960097055 0.173022208642 0.59214947242 -0.698934084991 -0.186511245586 -0.109125829153 -0.0892289003017 0.210327333961
0.217256250986 0.425217676662 0.625863636949 0.12112551437 -0.483247750172 -0.203842333166 -0.176749217166 0.243524606627
0.0947771975515 0.110073286452 0.511909352908 -0.200545945922 -0.484706977019 0.128411207339 0.631063988148 0.164248096969
-0.224856417541 0.486241909186 -0.556547485562 0.502632699357 -0.092174588138 -0.294653649258 -0.226809390382 -0.0622483752022
-0.260846159 0.199316839199 -0.0603156572295 0.413625295561 -0.563117334733 0.0141049152732 -0.381880343668 0.504372777575
0.0793993455553 0.0745896431996 0.392541252947 -0.200688421131 0.0122289528512 -0.853455508156 -0.243859919921 0.0759948965769
-0.347337179134 0.171098738755 -0.670505433415 0.180962985921 -0.0936317170113 0.0375987246941 0.581002342807 -0.141525448526
-0.224693433195 -0.306212803303 0.487885607745 0.288314461938 -0.00518572984422 0.585573006361 0.420260572059 0.122734957871
-0.0359881487602 -0.286926581753 0.496233854267 -0.0890094294232 -0.470944269739 0.308759634784 -0.155070482798 0.566620266276
-0.0662251994669 0.295858367718 0.105609107494 0.698994558941 0.467214740131 -0.0554400608814 -0.232484871484 -0.364606605658
0.171562800486 0.1997298359 -0.413192589509 -0.50194591195 0.693937528439 0.0195234389038 -0.157513268322 0.0356295837096
0.00549355134937 0.509121831116 0.0383991588686 -0.288865312364 -0.353885021068 0.162039042101 0.0916702423758 0.704250286821
0.723291611575 -0.242980381196 -0.0115816209635 -0.292557034496 -0.200835485085 -0.0533801999847 0.526843959759 -0.106567928491
0.210719082147 0.304206500532 -0.0865197069038 -0.00424955688833 0.533606142515 0.0228058749298 0.199784086102 0.728282855676
0.158631404975 -0.190384197308 0.662154431232 0.19636045528 0.559387859718 0.239213238885 -0.00567338623644 -0.302358590278
-0.422482666335 -0.220302908587 -0.500944622973 -0.405741181768 -0.404242426122 0.343075630445 0.0686343596731 -0.267557945246
0.178098434897 0.320741228222 0.299188590792 -0.376569569372 -0.322916122809 -0.20712305231 -0.534046590297 -0.449127328116
-0.300005881421 0.0948415793458 -0.386991136771 -0.0840718063175 -0.402787165634 0.0108229682426 -0.739179530372 -0.188280850879
-0.0986996379496 -0.246151722875 0.0933505068607 0.175882438078 0.335146348724 -0.646332999439 0.290186982279 0.525122011387
-0.169238418642 0.491841221871 -0.371315143358 -0.195607856378 -0.416552505028 -0.169526159836 0.0469540787254 -0.590654942515
0.451838536555 0.257793545343 0.218945732471 0.121819963231 -0.62111345216 0.0304138028453 0.1862437889 -0.495208034492
0.396217441847 0.2521954203 0.0337123627587 0.820060209752 -0.296737144433 -0.0947149474268 -0.0875196840042 0.0331979027487
0.445299705707 0.136780685771 -0.493436735913 -0.00355521572287 0.39574217699 0.257060849074 0.562778587172 -0.0104505391527
0.245186582804 -0.468881600979 -0.69776324112 -5.75234886015e-05 -0.280704202487 0.164568027311 0.321713692107 0.154280051466
-0.370151995038 0.254619815444 0.323877990991 0.590259911054 -0.0851314943027 -0.562536707628 -0.0504109546977 0.13648258358
0.3145330613 -0.260218971652 -0.509113554702 0.107981061725 0.409507349485 0.437410743944 -0.223353717363 0.391923567759
0.587409960078 0.170598181934 0.301985517388 -0.46913560046 -0.398118375717 0.358697423123 -0.126338806883 0.107042946188
0.130766567995 0.396999881046 0.0156758316398 -0.111534922338 -0.0137636078683 -0.180348845805 0.786133260456 -0.402372743328
-0.267938382938 0.245687451396 -0.277962611995 -0.0197245627245 -0.0814039179793 -0.815858624082 0.337142185865 -0.0655309570256
-0.145294821286 -0.231621424859 0.88042279824 0.0876264249432 0.00704316764441 -0.267883592466 0.176399593268 0.198730528683
0.0262665945223 -0.0318915981408 0.467234659536 -0.414319931403 0.700982092187 -0.248361482629 0.018886421787 0.234360294586
0.531790151307 0.165001251948 0.116751007066 0.229107293463 -0.0737421554572 0.23356864066 -0.40010319533 0.635448907403
-0.124965895917 -0.214260552373 -0.37388166193 0.59020146161 -0.365834607345 -0.397971604606 0.271300950334 0.290763204966
0.766371175262 -0.00242512563599 -0.290166480659 0.229802601619 -0.211606413432 0.467824857086 -0.0371086471281 -0.103285400297
-0.398705035022 -0.151311055861 -0.293638664501 0.0918109555962 -0.0676395826925 -0.635510950067 -0.448991867361 0.336842962367
-0.141373010198 -0.0955445153509 0.275165310345 0.112289068155 0.156602200854 0.250037800198 -0.744849744335 -0.49063899022
0.498433790778 0.24326454023 -0.568130068493 0.210077023444 -0.293010535431 -0.348034399198 0.300033406176 -0.16881439016
-0.277990957299 0.379761489484 -0.481857512325 0.289003354001 0.59657818338 0.310442311632 0.035936163641 0.0961179565687
0.258360055047 -0.0984329934063 -0.199610597404 0.498247860154 0.198740173545 -0.744330463902 -0.1546330376 -0.134331278304
0.122479284083 0.315145218036 0.113955586796 0.321671577674 0.00145751648093 -0.332253613452 -0.807814019769 0.0792778808479
-0.0531327135472 -0.106480302173 0.0746912222877 -0.213631296398 0.688750658284 0.605094115214 0.262745851347 0.15836558549
-0.0430802478269 -0.24055551555 0.278585313636 -0.52235985406 0.010771600148 -0.52120327129 0.563952474736 -0.00328290950647
-0.357059791728 -0.147719827239 0.292961456449 -0.322367562206 0.136406609798 0.097997083453 0.444820782232 0.659456307807
0.0607329460285 -0.80497988474 -0.144008109949 -0.410128753116 -0.113329222466 -0.106599149065 0.140814228452 -0.339643904404
-0.628512517561 0.353053310364 0.523489202572 0.0920118505418 -0.283872841616 0.181789852276 0.104221263157 0.270814171855
-0.263852381738 -0.410688206554 0.161211198314 -0.209381853927 0.155145650778 0.582291076689 0.0629617486276 -0.569918553179
0.0336656212597 -0.404645483936 0.288276047241 0.786564518984 0.193554600224 -0.158759085392 0.265629284726 -0.0115971768332
0.135879654371 -0.413576244328 -0.313565246292 0.176576471378 0.197283416301 -0.412076690024 0.653181611722 -0.213609750153
0.16412519956 0.318736153949 0.700555251571 -0.0925058046372 0.205503490438 0.401252631051 0.0859966608384 0.401889936182
-0.388818622958 -0.624949682908 -0.212670720922 0.380820643972 -0.210689251717 0.184318799245 0.334263157861 -0.279155307991
0.137857536604 0.350627016357 0.233322818503 0.321813120742 -0.495476880145 0.649612812829 0.0671112905766 0.167530044089
-0.205227067883 0.204913514729 0.12491872805 -0.284616378761 -0.887493227212 0.139233905075 -0.108114872686 -0.0240343219586
0.462441890486 -0.0436633289986 -0.0718949883389 0.121067505196 -0.7639511648 -0.0392759061607 0.14496363007 0.397805189936
0.581916114545 -0.338522466938 0.263585261889 -0.180267245323 -0.0442314008052 0.196656915674 -0.21800882073 -0.59720701255
0.103813792074 -0.564426174077 -0.4225955028 0.11223063741 -0.124099585697 0.41460475928 -0.423138541476 -0.336360571861
-0.0892856441868 0.399048722262 -0.47351010536 -0.0883213610299 0.130819863875 0.0336283418448 -0.539394684027 0.540003460665
0.0391585651715 0.104477145369 0.326674127016 0.497697511438 -0.160331569973 0.00328130701687 0.35729899656 0.692654591524
-0.142971398951 0.459947492902 0.0959182492741 -0.609925151272 0.28442936564 -0.417884107567 0.0658411349706 -0.356291970327
-0.40381863069 0.659264539256 0.0356041882697 -0.19630186633 -0.278685632462 -0.403781811038 -0.316040521645 0.148079209106
0.234581206073 -0.167426423198 -0.406918991268 0.000694258744255 -0.137864097658 0.234257494353 0.36299508101 -0.73873386508
-0.623400215408 -0.457524595156 0.194246416748 0.38012653511 -0.0728252390224 -0.0499386450185 -0.0287313095127 0.459577461273
0.423285298356 -0.148139018167 -0.398570655039 -0.376630158571 -0.603622635399 -0.0425563851853 -0.212335533853 -0.294848245611
0.309419696314 0.550360056689 -0.179870684997 -0.180133007432 0.198460595415 0.669139286177 -0.0904033785383 0.203160412622
-0.0106056119634 0.301455315682 0.290840616602 0.000753593696329 0.142838248951 0.0696889630978 0.0412820634064 -0.893010153784
0.44955194901 -0.180030911434 0.0686637281772 -0.790950001471 0.0973608357587 -0.290918732375 -0.19345041095 -0.0604881294977
0.211765762253 -0.0839030516338 0.587466613035 0.409992406182 -0.129362874386 -0.365882127192 -0.268419714429 -0.460725435587
-0.409309402646 0.150143439056 -0.00279484010831 0.0925643057892 0.0751997610682 -0.565818657308 -0.407708391715 -0.556169297993
-0.321070636391 0.139206208665 -0.203270658817 -0.233356171599 0.607349079039 -0.210762381077 0.599888419094 0.092835441489
0.313979891249 -0.0928340978977 -0.0143780438003 -0.199992414135 -0.125634023461 -0.61919841368 0.119132921808 -0.662736161946
0.0751471249111 0.391401760942 -0.169558226246 0.586706318267 0.310611633191 -0.305478147825 0.512367974666 0.1260331706
0.200112971426 0.605661485068 0.204323052446 -0.00349602394535 0.676444797013 0.0924940839826 0.24106651919 -0.164728902191
-0.657066489416 -0.0528790525019 -0.0940289437126 -0.406437677682 -0.266379815719 0.108819830681 -0.294360161752 0.471174274931
0.492631989159 0.0605227663974 -0.209922740732 -0.268590889188 0.0865886931096 0.230286861991 -0.757403113015 -0.0572045425111
0.0465948650652 -0.0145294360202 -0.78707501868 0.0882559176343 0.328102853807 -0.378446932453 0.113788406029 0.326392124146
-0.621075670803 0.234046938394 -0.590261208474 -0.317428173635 0.204562110986 -0.199938480926 -0.13929055341 -0.0954457847866
-0.0285526424134 -0.40593209164 -0.617518560466 -0.498450685054 0.0174918824752 -0.0729700898889 -0.398580995476 0.20035957646
0.266339120748 0.309805172028 0.0987143988874 -0.702492784377 0.209231217329 0.147935294251 0.473549932987 0.19987807499
-0.173847687778 -0.637554641205 0.262910772632 -0.410823462296 0.0245359635837 -0.340855505766 -0.222181979165 0.399089227173
-0.367665234168 0.153735908353 0.583805609007 -0.32161332922 0.279245524298 0.167686348248 0.486101785424 -0.233558312465
-0.353137885354 -0.011640427067 -0.312298028773 -0.29770393164 0.285965424957 0.615919822858 -0.476431793426 -0.0299146710914
-0.393932267158 0.185627684397 0.116571937183 0.0927073351326 -0.421735073636 0.416047319124 0.467214755991 -0.467916992464
0.102213892774 -0.00893303368511 -0.601842500316 -0.609986219868 0.0037279879312 -0.253318422007 0.387554686972 -0.20201290293
-0.478102883514 -0.225899841331 -0.686178112595 0.292498586195 -0.0798677195132 0.217946415866 -0.205131087916 0.260846667618
0.183213125544 -0.489833805829 -0.0300532723621 -0.0884576229112 -0.111870893942 -0.438852094475 -0.666999128935 -0.260365659244
-0.0414826751022 -0.796048226626 0.457834236082 0.199856653406 -0.117056162552 0.146719912449 -0.246739075786 -0.137630431902
-0.188705039801 -0.0192856924855 -0.00834674375745 0.377324130587 0.465757436515 0.276813344164 0.575330876083 -0.443884452441
0.0998918393767 -0.700503642953 0.18266553844 0.0875671805234 -0.273660250595 -0.103317356645 0.498112506716 0.353010456297
0.253247237115 0.712145184797 0.129632149437 0.210134489242 -0.0123070537926 -0.512602071254 -0.0216796711443 -0.323095226393
-0.667669797223 0.248575960214 0.196815104584 -0.405683221847 -0.123540256656 0.178508725301 -0.253077905259 -0.421838343791
0.130079448218 -0.596316867644 0.0446391018154 -0.302088862624 0.576881036983 0.166244416054 -0.404253533375 -0.101999648286
-0.662558070511 -0.562000298503 -0.132427090701 -0.117570948202 0.0875063363066 -0.0532193218148 -0.386028704192 -0.233075779317
0.319472860546 0.416285899064 0.024023174246 -0.488860423966 -0.479521987842 -0.45716114143 0.210803479883 0.0415115252736
0.303927626662 0.0412378536066 -0.218270149015 0.108734325208 0.552347240303 0.507100006338 -0.182073377829 -0.501090181554
0.592522959238 -0.639978761817 -0.027256329778 -0.181022225432 -0.187071077151 0.126968851913 -0.259290615899 0.295805369395
-0.845767733171 -0.0721646816412 -0.102374705333 -0.0291130101479 0.199376924863 0.385630748225 0.280969387384 0.02728900797
-0.0693464405498 -0.208661562448 -0.188647039773 -0.108038319384 -0.690207335574 -0.272841847633 0.545065896398 -0.237642882411
-0.526297462877 0.344119258578 -0.0783516838714 -0.51797332461 -0.280143965066 -0.0715273126142 0.491774336978 0.0688020322686
-0.521183982824 -0.466455591476 -0.407594303179 -0.229859980369 -0.0690975802344 -0.303256701132 0.358822110341 0.257564753643
-0.52469966243 -0.211370797817 0.100895510987 0.204243364332 -0.407972929875 0.596395996637 -0.318918241599 -0.0655456466144
0.0556193827235 0.00559748336002 0.185234604871 -0.698243212093 -0.324376383271 0.125129379397 0.273765570473 -0.528406968956
0.362552680184 0.656841949568 -0.254562745326 0.0334995967513 -0.490292769271 0.0640429451418 -0.353149170545 0.0447949780465
0.240073255823 0.3416964935 -0.368519089026 -0.288172655003 -0.491750473286 0.396295499873 0.454664257807 -0.0344837494004
-0.324584721378 0.394289706231 0.305218781354 0.200746410645 0.268473586563 0.688886596957 -0.0778525548886 -0.23027385371
0.343084670842 0.145714006862 0.108403759722 0.606428937816 0.392013845151 0.510379400069 0.175225222423 0.191563740839
-0.198591472884 0.454349769953 -0.0893147483078 0.0883141697726 0.608805247953 -0.543013282425 -0.207924175971 0.172112367115
0.383327087876 0.115828150808 0.174272002263 -0.0919539546819 0.564576429712 -0.346358587365 -0.425934255418 -0.425096320024
-0.271452768868 0.500772373523 0.230527824656 0.414378389597 -0.420278620232 0.0837938968511 -0.340599914558 -0.388641246241
0.48871021487 -0.0755544946861 0.39533724001 -0.293252734408 -0.0629698551133 -0.287636294554 0.163849213439 0.632165314977
0.273739487103 -0.0629491214263 -0.0802425734509 0.498392018234 -0.298194702486 0.237538016796 0.720293578685 -0.0460794379737
0.483215804494 -0.584673940846 0.356936404566 -0.00438541198897 0.290914135323 -0.449673535953 0.0721785543654 -0.0720837491556
0.00511243213807 -0.810576720221 -0.329242669992 0.288113700867 0.211047305368 -0.23172853634 -0.1329522903 0.188763317296
0.456952277858 -0.552784223846 -0.110295560113 0.409934471054 -0.410067523024 -0.201315123694 0.0532934841869 -0.306445668559
-0.135573012712 0.0871953550582 -0.0830384344367 0.590956602854 -0.222995747304 -0.328284028442 0.312583193783 -0.602250579335
0.222370645273 -0.385358407025 0.296622731626 0.409239068102 -0.272201204326 -0.435571442614 -0.309702770202 0.432287701418
-0.132365244678 0.158491938855 -0.194923585506 -0.610679215901 0.141592653239 -0.487573741187 0.0245594271712 0.536718777235
-0.184452816505 -0.336098599772 0.553754534792 -0.410071050179 0.167374811824 -0.271166898294 -0.180899019981 -0.493924418861
-0.792638380238 0.0343167960199 -0.177067705214 0.184517768521 -0.48937652507 -0.21946334242 0.0182236910588 -0.131076243317
0.567777855824 0.451925414668 -0.379480161492 0.318115469954 0.397200325252 -0.0751918629605 -0.245033735193 0.068827725132
0.109306029065 -0.0553041003484 -0.384195496981 -0.176635940564 -0.477987140963 0.576645175996 -0.331469548895 0.36789043532
-0.634004250816 -0.156068556683 0.485089798144 0.380880020114 0.0700136290039 0.0197513733877 0.012550521242 -0.433435752589
0.178960097055 -0.173022208642 -0.59214947242 0.698934084991 0.186511245586 0.109125829153 0.0892289003017 -0.210327333961
-0.217256250986 -0.425217676662 -0.625863636949 -0.12112551437 0.483247750172 0.203842333166 0.176749217166 -0.243524606627
-0.0947771975515 -0.110073286452 -0.511909352908 0.200545945922 0.484706977019 -0.128411207339 -0.631063988148 -0.164248096969
0.224856417541 -0.486241909186 0.556547485562 -0.502632699357 0.092174588138 0.294653649258 0.226809390382 0.0622483752022
0.260846159 -0.199316839199 0.0603156572295 -0.413625295561 0.563117334733 -0.0141049152732 0.381880343668 -0.504372777575
-0.0793993455553 -0.0745896431996 -0.392541252947 0.200688421131 -0.0122289528512 0.853455508156 0.243859919921 -0.0759948965769
0.347337179134 -0.171098738755 0.670505433415 -0.180962985921 0.0936317170113 -0.0375987246941 -0.581002342807 0.141525448526
0.224693433195 0.306212803303 -0.487885607745 -0.288314461938 0.00518572984422 -0.585573006361 -0.420260572059 -0.122734957871
0.0359881487602 0.286926581753 -0.496233854267 0.0890094294232 0.470944269739 -0.308759634784 0.155070482798 -0.566620266276
0.0662251994669 -0.295858367718 -0.105609107494 -0.698994558941 -0.467214740131 0.0554400608814 0.232484871484 0.364606605658
-0.171562800486 -0.1997298359 0.413192589509 0.50194591195 -0.693937528439 -0.0195234389038 0.157513268322 -0.0356295837096
-0.00549355134937 -0.509121831116 -0.0383991588686 0.288865312364 0.353885021068 -0.162039042101 -0.0916702423758 -0.704250286821
-0.723291611575 0.242980381196 0.0115816209635 0.292557034496 0.200835485085 0.0533801999847 -0.526843959759 0.106567928491
-0.210719082147 -0.304206500532 0.0865197069038 0.00424955688833 -0.533606142515 -0.0228058749298 -0.199784086102 -0.728282855676
-0.158631404975 0.190384197308 -0.662154431232 -0.19636045528 -0.559387859718 -0.239213238885 0.00567338623644 0.302358590278
0.422482666335 0.220302908587 0.500944622973 0.405741181768 0.404242426122 -0.343075630445 -0.0686343596731 0.267557945246
-0.178098434897 -0.320741228222 -0.299188590792 0.376569569372 0.322916122809 0.20712305231 0.534046590297 0.449127328116
0.300005881421 -0.0948415793458 0.386991136771 0.0840718063175 0.402787165634 -0.0108229682426 0.739179530372 0.188280850879
0.0986996379496 0.246151722875 -0.0933505068607 -0.175882438078 -0.335146348724 0.646332999439 -0.290186982279 -0.525122011387
0.169238418642 -0.491841221871 0.371315143358 0.195607856378 0.416552505028 0.169526159836 -0.0469540787254 0.590654942515
-0.451838536555 -0.257793545343 -0.218945732471 -0.121819963231 0.62111345216 -0.0304138028453 -0.1862437889 0.495208034492
-0.396217441847 -0.2521954203 -0.0337123627587 -0.820060209752 0.296737144433 0.0947149474268 0.0875196840042 -0.0331979027487
-0.445299705707 -0.136780685771 0.493436735913 0.00355521572287 -0.39574217699 -0.257060849074 -0.562778587172 0.0104505391527
-0.245186582804 0.468881600979 0.69776324112 5.75234886015e-05 0.280704202487 -0.164568027311 -0.321713692107 -0.154280051466
0.370151995038 -0.254619815444 -0.323877990991 -0.590259911054 0.0851314943027 0.562536707628 0.0504109546977 -0.13648258358
-0.3145330613 0.260218971652 0.509113554702 -0.107981061725 -0.409507349485 -0.437410743944 0.223353717363 -0.391923567759
-0.587409960078 -0.170598181934 -0.301985517388 0.46913560046 0.398118375717 -0.358697423123 0.126338806883 -0.107042946188
-0.130766567995 -0.396999881046 -0.0156758316398 0.111534922338 0.0137636078683 0.180348845805 -0.786133260456 0.402372743328
0.267938382938 -0.245687451396 0.277962611995 0.0197245627245 0.0814039179793 0.815858624082 -0.337142185865 0.0655309570256
0.145294821286 0.231621424859 -0.88042279824 -0.0876264249432 -0.00704316764441 0.267883592466 -0.176399593268 -0.198730528683
-0.0262665945223 0.0318915981408 -0.467234659536 0.414319931403 -0.700982092187 0.248361482629 -0.018886421787 -0.234360294586
-0.531790151307 -0.165001251948 -0.116751007066 -0.229107293463 0.0737421554572 -0.23356864066 0.40010319533 -0.635448907403
0.124965895917 0.214260552373 0.37388166193 -0.59020146161 0.365834607345 0.397971604606 -0.271300950334 -0.290763204966
-0.766371175262 0.00242512563599 0.290166480659 -0.229802601619 0.211606413432 -0.467824857086 0.0371086471281 0.103285400297
0.398705035022 0.151311055861 0.293638664501 -0.0918109555962 0.0676395826925 0.635510950067 0.448991867361 -0.336842962367
0.141373010198 0.0955445153509 -0.275165310345 -0.112289068155 -0.156602200854 -0.250037800198 0.744849744335 0.49063899022
-0.498433790778 -0.24326454023 0.568130068493 -0.210077023444 0.293010535431 0.348034399198 -0.300033406176 0.16881439016
0.277990957299 -0.379761489484 0.481857512325 -0.289003354001 -0.59657818338 -0.310442311632 -0.035936163641 -0.0961179565687
-0.258360055047 0.0984329934063 0.199610597404 -0.498247860154 -0.198740173545 0.744330463902 0.1546330376 0.134331278304
-0.122479284083 -0.315145218036 -0.113955586796 -0.321671577674 -0.00145751648093 0.332253613452 0.807814019769 -0.0792778808479
0.0531327135472 0.106480302173 -0.0746912222877 0.213631296398 -0.688750658284 -0.605094115214 -0.262745851347 -0.15836558549
0.0430802478269 0.24055551555 -0.278585313636 0.52235985406 -0.010771600148 0.52120327129 -0.563952474736 0.00328290950647
0.357059791728 0.147719827239 -0.292961456449 0.322367562206 -0.136406609798 -0.097997083453 -0.444820782232 -0.659456307807
-0.0607329460285 0.80497988474 0.144008109949 0.410128753116 0.113329222466 0.106599149065 -0.140814228452 0.339643904404
0.628512517561 -0.353053310364 -0.523489202572 -0.0920118505418 0.283872841616 -0.181789852276 -0.104221263157 -0.270814171855
0.263852381738 0.410688206554 -0.161211198314 0.209381853927 -0.155145650778 -0.582291076689 -0.0629617486276 0.569918553179
-0.0336656212597 0.404645483936 -0.288276047241 -0.786564518984 -0.193554600224 0.158759085392 -0.265629284726 0.0115971768332
-0.135879654371 0.413576244328 0.313565246292 -0.176576471378 -0.197283416301 0.412076690024 -0.653181611722 0.213609750153
-0.16412519956 -0.318736153949 -0.700555251571 0.0925058046372 -0.205503490438 -0.401252631051 -0.0859966608384 -0.401889936182
0.388818622958 0.624949682908 0.212670720922 -0.380820643972 0.210689251717 -0.184318799245 -0.334263157861 0.279155307991
-0.137857536604 -0.350627016357 -0.233322818503 -0.321813120742 0.495476880145 -0.649612812829 -0.0671112905766 -0.167530044089
0.205227067883 -0.204913514729 -0.12491872805 0.284616378761 0.887493227212 -0.139233905075 0.108114872686 0.0240343219586
-0.462441890486 0.0436633289986 0.0718949883389 -0.121067505196 0.7639511648 0.0392759061607 -0.14496363007 -0.397805189936
-0.581916114545 0.338522466938 -0.263585261889 0.180267245323 0.0442314008052 -0.196656915674 0.21800882073 0.59720701255
-0.103813792074 0.564426174077 0.4225955028 -0.11223063741 0.124099585697 -0.41460475928 0.423138541476 0.336360571861
0.0892856441868 -0.399048722262 0.47351010536 0.0883213610299 -0.130819863875 -0.0336283418448 0.539394684027 -0.540003460665
-0.0391585651715 -0.104477145369 -0.326674127016 -0.497697511438 0.160331569973 -0.00328130701687 -0.35729899656 -0.692654591524
0.142971398951 -0.459947492902 -0.0959182492741 0.609925151272 -0.28442936564 0.417884107567 -0.0658411349706 0.356291970327
0.40381863069 -0.659264539256 -0.0356041882697 0.19630186633 0.278685632462 0.403781811038 0.316040521645 -0.148079209106
-0.234581206073 0.167426423198 0.406918991268 -0.000694258744255 0.137864097658 -0.234257494353 -0.36299508101 0.73873386508
0.623400215408 0.457524595156 -0.194246416748 -0.38012653511 0.0728252390224 0.0499386450185 0.0287313095127 -0.459577461273
